0.000000000000000000e+00,0.000000000000000000e+00,1.000000000000000000e+00,0.000000000000000000e+00,1.000000000000000000e+00,0.000000000000000000e+00,-1.000000000000000000e+00,0.000000000000000000e+00,0.000000000000000000e+00,0.000000000000000000e+00,0.000000000000000000e+00,5.000000000000000000e-01,0.000000000000000000e+00
0.000000000000000000e+00,-2.094943575178552766e-05,9.999999997805605334e-01,0.000000000000000000e+00,9.999999997805605334e-01,2.094943575178552766e-05,-1.000000000000000000e+00,0.000000000000000000e+00,0.000000000000000000e+00,4.860102101786955778e-05,-1.186999469570319467e-06,4.999869066026541575e-01,0.000000000000000000e+00
0.000000000000000000e+00,-8.356334363486414779e-05,9.999999965085838438e-01,0.000000000000000000e+00,9.999999965085838438e-01,8.356334363486414779e-05,-1.000000000000000000e+00,0.000000000000000000e+00,0.000000000000000000e+00,1.938604445054118797e-04,-4.728647586807231252e-06,4.999477729101674539e-01,0.000000000000000000e+00
0.000000000000000000e+00,-1.874901239161998472e-04,9.999999824237265633e-01,0.000000000000000000e+00,9.999999824237265633e-01,1.874901239161998472e-04,-1.000000000000000000e+00,0.000000000000000000e+00,0.000000000000000000e+00,4.349630272088268420e-04,-1.058701071885756130e-05,4.998828186718658473e-01,0.000000000000000000e+00
0.000000000000000000e+00,-3.323781745592871450e-04,9.999999447623729720e-01,0.000000000000000000e+00,9.999999447623729720e-01,3.323781745592871450e-04,-1.000000000000000000e+00,0.000000000000000000e+00,0.000000000000000000e+00,7.710938041385037621e-04,-1.871254791223321966e-05,4.997922636370755178e-01,0.000000000000000000e+00
0.000000000000000000e+00,-5.178758886553862543e-04,9.999998659022729663e-01,0.000000000000000000e+00,9.999998659022729663e-01,5.178758886553862543e-04,-1.000000000000000000e+00,0.000000000000000000e+00,0.000000000000000000e+00,1.201438074410961536e-03,-2.904444629567311847e-05,4.996763275551224792e-01,0.000000000000000000e+00
0.000000000000000000e+00,-7.436316509308399597e-04,9.999997235059456813e-01,0.000000000000000000e+00,9.999997235059456813e-01,7.436316509308399597e-04,-1.000000000000000000e+00,0.000000000000000000e+00,0.000000000000000000e+00,1.725181385017338000e-03,-4.151095356704969047e-05,4.995352301753328561e-01,0.000000000000000000e+00
0.000000000000000000e+00,-1.009293833390627858e-03,9.999994906628492108e-01,0.000000000000000000e+00,9.999994906628492108e-01,1.009293833390627858e-03,-1.000000000000000000e+00,0.000000000000000000e+00,0.000000000000000000e+00,2.341509512657966290e-03,-5.602970756876029872e-05,4.993691912470327177e-01,0.000000000000000000e+00
0.000000000000000000e+00,-1.314510790156919566e-03,9.999991360303180921e-01,0.000000000000000000e+00,9.999991360303180921e-01,1.314510790156919566e-03,-1.000000000000000000e+00,0.000000000000000000e+00,0.000000000000000000e+00,3.049608443779259961e-03,-7.250806295879759001e-05,4.991784305195481886e-01,0.000000000000000000e+00
0.000000000000000000e+00,-1.658930851559992743e-03,9.999986239732681081e-01,0.000000000000000000e+00,9.999986239732681081e-01,1.658930851559992743e-03,-1.000000000000000000e+00,0.000000000000000000e+00,0.000000000000000000e+00,3.848664352946016068e-03,-9.084341497972058725e-05,4.989631677422053380e-01,0.000000000000000000e+00
0.000000000000000000e+00,-2.042202317537493601e-03,9.999979147026728521e-01,0.000000000000000000e+00,9.999979147026728521e-01,2.042202317537493601e-03,-1.000000000000000000e+00,0.000000000000000000e+00,0.000000000000000000e+00,4.737863579678757396e-03,-1.109235203390019562e-04,4.987236226643301795e-01,0.000000000000000000e+00
0.000000000000000000e+00,-2.463973450396667389e-03,9.999969644128104962e-01,0.000000000000000000e+00,9.999969644128104962e-01,2.463973450396667389e-03,-1.000000000000000000e+00,0.000000000000000000e+00,0.000000000000000000e+00,5.716392603882919192e-03,-1.326268152002420546e-04,4.984600150352488934e-01,0.000000000000000000e+00
0.000000000000000000e+00,-2.923892466992809858e-03,9.999957254172846532e-01,0.000000000000000000e+00,9.999957254172846532e-01,2.923892466992809858e-03,-1.000000000000000000e+00,0.000000000000000000e+00,0.000000000000000000e+00,6.783438019993207752e-03,-1.558227302972830283e-04,4.981725646042874933e-01,0.000000000000000000e+00
0.000000000000000000e+00,-3.421607530375878753e-03,9.999941462838209949e-01,0.000000000000000000e+00,9.999941462838209949e-01,3.421607530375878753e-03,-1.000000000000000000e+00,0.000000000000000000e+00,0.000000000000000000e+00,7.938186509953534115e-03,-1.803720031780305794e-04,4.978614911207721039e-01,0.000000000000000000e+00
0.000000000000000000e+00,-3.956766740955840536e-03,9.999921719678397380e-01,0.000000000000000000e+00,9.999921719678397380e-01,3.956766740955840536e-03,-1.000000000000000000e+00,0.000000000000000000e+00,0.000000000000000000e+00,9.179824815149829204e-03,-2.061269875811077917e-04,4.975270143340287943e-01,0.000000000000000000e+00
0.000000000000000000e+00,-4.529018127236029978e-03,9.999897439448082181e-01,0.000000000000000000e+00,9.999897439448082181e-01,4.529018127236029978e-03,-1.000000000000000000e+00,0.000000000000000000e+00,0.000000000000000000e+00,1.050753970740985095e-02,-2.329319599579215809e-04,4.971693539933836337e-01,0.000000000000000000e+00
0.000000000000000000e+00,-5.138009636162520904e-03,9.999868003413738826e-01,0.000000000000000000e+00,9.999868003413738826e-01,5.138009636162520904e-03,-1.000000000000000000e+00,0.000000000000000000e+00,0.000000000000000000e+00,1.192051795918127981e-02,-2.606234231436352312e-04,4.967887298481627467e-01,0.000000000000000000e+00
0.000000000000000000e+00,-5.783389123136139197e-03,9.999832760652801467e-01,0.000000000000000000e+00,9.999832760652801467e-01,5.783389123136139197e-03,-1.000000000000000000e+00,0.000000000000000000e+00,0.000000000000000000e+00,1.341794631299617416e-02,-2.890304071853567916e-04,4.963853616476921471e-01,0.000000000000000000e+00
0.000000000000000000e+00,-6.464804341732576475e-03,9.999791029340678872e-01,0.000000000000000000e+00,9.999791029340678872e-01,6.464804341732576475e-03,-1.000000000000000000e+00,0.000000000000000000e+00,0.000000000000000000e+00,1.499901145032709639e-02,-3.179747673365592581e-04,4.959594691412980150e-01,0.000000000000000000e+00
0.000000000000000000e+00,-7.181902933174692458e-03,9.999742098025621306e-01,0.000000000000000000e+00,9.999742098025621306e-01,7.181902933174692458e-03,-1.000000000000000000e+00,0.000000000000000000e+00,0.000000000000000000e+00,1.666289995993715245e-02,-3.472714792192006339e-04,4.955112720783063640e-01,0.000000000000000000e+00
0.000000000000000000e+00,-7.934332415599923069e-03,9.999685226891488199e-01,0.000000000000000000e+00,9.999685226891488199e-01,7.934332415599923069e-03,-1.000000000000000000e+00,0.000000000000000000e+00,0.000000000000000000e+00,1.840879830582331164e-02,-3.767289311673111202e-04,4.950409902080432634e-01,0.000000000000000000e+00
0.000000000000000000e+00,-8.721740173164406820e-03,9.999619649008415490e-01,0.000000000000000000e+00,9.999619649008415490e-01,8.721740173164406820e-03,-1.000000000000000000e+00,0.000000000000000000e+00,0.000000000000000000e+00,2.023589279484953179e-02,-4.061492137541462908e-04,4.945488432798348932e-01,0.000000000000000000e+00
0.000000000000000000e+00,-9.543773445024276297e-03,9.999544571571397089e-01,0.000000000000000000e+00,9.999544571571397089e-01,9.543773445024276297e-03,-1.000000000000000000e+00,0.000000000000000000e+00,0.000000000000000000e+00,2.214336954416336323e-02,-4.353284065085493326e-04,4.940350510430072117e-01,0.000000000000000000e+00
0.000000000000000000e+00,-1.040007931423326398e-02,9.999459177126819309e-01,0.000000000000000000e+00,9.999459177126819309e-01,1.040007931423326398e-02,-1.000000000000000000e+00,0.000000000000000000e+00,0.000000000000000000e+00,2.413041444848676442e-02,-4.640568618317547417e-04,4.934998332468863991e-01,0.000000000000000000e+00
0.000000000000000000e+00,-1.129030469659466664e-02,9.999362624786931608e-01,0.000000000000000000e+00,9.999362624786931608e-01,1.129030469659466664e-02,-1.000000000000000000e+00,0.000000000000000000e+00,0.000000000000000000e+00,2.619621314736937656e-02,-4.921194861129279691e-04,4.929434096407984689e-01,0.000000000000000000e+00
0.000000000000000000e+00,-1.221409632950441922e-02,9.999254051432304724e-01,0.000000000000000000e+00,9.999254051432304724e-01,1.221409632950441922e-02,-1.000000000000000000e+00,0.000000000000000000e+00,0.000000000000000000e+00,2.833995099248927049e-02,-5.192960180573709568e-04,4.923659999740696014e-01,0.000000000000000000e+00
0.000000000000000000e+00,-1.317110076082095120e-02,9.999132572902252880e-01,0.000000000000000000e+00,9.999132572902252880e-01,1.317110076082095120e-02,-1.000000000000000000e+00,0.000000000000000000e+00,0.000000000000000000e+00,3.056081301508406858e-02,-5.453613042240067297e-04,4.917678239960257547e-01,0.000000000000000000e+00
0.000000000000000000e+00,-1.416096433779618496e-02,9.998997285173266691e-01,0.000000000000000000e+00,9.998997285173266691e-01,1.416096433779618496e-02,-1.000000000000000000e+00,0.000000000000000000e+00,0.000000000000000000e+00,3.285798389359184668e-02,-5.700855717849092567e-04,4.911491014559931090e-01,0.000000000000000000e+00
0.000000000000000000e+00,-1.518333319610112170e-02,9.998847265525442340e-01,0.000000000000000000e+00,9.998847265525442340e-01,1.518333319610112170e-02,-1.000000000000000000e+00,0.000000000000000000e+00,0.000000000000000000e+00,3.523064792157953179e-02,-5.932346985054266688e-04,4.905100521032977334e-01,0.000000000000000000e+00
0.000000000000000000e+00,-1.623785324897798407e-02,9.998681573696927005e-01,0.000000000000000000e+00,9.998681573696927005e-01,1.623785324897798407e-02,-1.000000000000000000e+00,0.000000000000000000e+00,0.000000000000000000e+00,3.767798897603286123e-02,-6.145704799513433637e-04,4.898508956872656417e-01,0.000000000000000000e+00
0.000000000000000000e+00,-1.732417017655013200e-02,9.998499253026396083e-01,0.000000000000000000e+00,9.998499253026396083e-01,1.732417017655013200e-02,-1.000000000000000000e+00,0.000000000000000000e+00,0.000000000000000000e+00,4.019919048608007472e-02,-6.338508939284587468e-04,4.891718519572230139e-01,0.000000000000000000e+00
0.000000000000000000e+00,-1.844192941531945518e-02,9.998299331583548888e-01,0.000000000000000000e+00,9.998299331583548888e-01,1.844192941531945518e-02,-1.000000000000000000e+00,0.000000000000000000e+00,0.000000000000000000e+00,4.279343540221867276e-02,-6.508303621531758574e-04,4.884731406624958638e-01,0.000000000000000000e+00
0.000000000000000000e+00,-1.959077614788022614e-02,9.998080823287656127e-01,0.000000000000000000e+00,9.998080823287656127e-01,1.959077614788022614e-02,-1.000000000000000000e+00,0.000000000000000000e+00,0.000000000000000000e+00,4.545990616611186169e-02,-6.652600091634683615e-04,4.877549815524103161e-01,0.000000000000000000e+00
0.000000000000000000e+00,-2.077035529287691445e-02,9.997842729014132512e-01,0.000000000000000000e+00,9.997842729014132512e-01,2.077035529287691445e-02,-1.000000000000000000e+00,0.000000000000000000e+00,0.000000000000000000e+00,4.819778468101897084e-02,-6.768879184656023326e-04,4.870175943762924398e-01,0.000000000000000000e+00
0.000000000000000000e+00,-2.198031149523279812e-02,9.997584037689167813e-01,0.000000000000000000e+00,9.997584037689167813e-01,2.198031149523279812e-02,-1.000000000000000000e+00,0.000000000000000000e+00,0.000000000000000000e+00,5.100625228292175045e-02,-6.854593859258645326e-04,4.862611988834683041e-01,0.000000000000000000e+00
0.000000000000000000e+00,-2.322028911667468540e-02,9.997303727372386373e-01,0.000000000000000000e+00,9.997303727372386373e-01,2.322028911667468540e-02,-1.000000000000000000e+00,0.000000000000000000e+00,0.000000000000000000e+00,5.388448971240544783e-02,-6.907171704017744853e-04,4.854860148232640338e-01,0.000000000000000000e+00
0.000000000000000000e+00,-2.448993222657842514e-02,9.997000766327557297e-01,0.000000000000000000e+00,9.997000766327557297e-01,2.448993222657842514e-02,-1.000000000000000000e+00,0.000000000000000000e+00,0.000000000000000000e+00,5.683167708735192142e-02,-6.924017416193308742e-04,4.846922619450056979e-01,0.000000000000000000e+00
0.000000000000000000e+00,-2.578888459315839890e-02,9.996674114081346429e-01,0.000000000000000000e+00,9.996674114081346429e-01,2.578888459315839890e-02,-1.000000000000000000e+00,0.000000000000000000e+00,0.000000000000000000e+00,5.984699387649847213e-02,-6.902515252955496953e-04,4.838801599980193102e-01,0.000000000000000000e+00
0.000000000000000000e+00,-2.711678967502371279e-02,9.996322722470101230e-01,0.000000000000000000e+00,9.996322722470101230e-01,2.711678967502371279e-02,-1.000000000000000000e+00,0.000000000000000000e+00,0.000000000000000000e+00,6.292961887391516906e-02,-6.840031455055149484e-04,4.830499287316310508e-01,0.000000000000000000e+00
0.000000000000000000e+00,-2.847329061312214513e-02,9.995945536674660792e-01,0.000000000000000000e+00,9.995945536674660792e-01,2.847329061312214513e-02,-1.000000000000000000e+00,0.000000000000000000e+00,0.000000000000000000e+00,6.607873017444974850e-02,-6.733916642933405680e-04,4.822017878951669889e-01,0.000000000000000000e+00
0.000000000000000000e+00,-2.985803022309230226e-02,9.995541496243196544e-01,0.000000000000000000e+00,9.995541496243196544e-01,2.985803022309230226e-02,-1.000000000000000000e+00,0.000000000000000000e+00,0.000000000000000000e+00,6.929350515018732615e-02,-6.581508185294830497e-04,4.813359572379531381e-01,0.000000000000000000e+00
0.000000000000000000e+00,-3.127065098804342885e-02,9.995109536102062542e-01,0.000000000000000000e+00,9.995109536102062542e-01,3.127065098804342885e-02,-1.000000000000000000e+00,0.000000000000000000e+00,0.000000000000000000e+00,7.257312042797015028e-02,-6.380132540106205801e-04,4.804526565093156787e-01,0.000000000000000000e+00
0.000000000000000000e+00,-3.271079505178106639e-02,9.994648587554644248e-01,0.000000000000000000e+00,9.994648587554644248e-01,3.271079505178106639e-02,-1.000000000000000000e+00,0.000000000000000000e+00,0.000000000000000000e+00,7.591675186801968844e-02,-6.127107568005470692e-04,4.795521054585805687e-01,0.000000000000000000e+00
0.000000000000000000e+00,-3.417810421249606323e-02,9.994157579268198033e-01,0.000000000000000000e+00,9.994157579268198033e-01,3.417810421249606323e-02,-1.000000000000000000e+00,0.000000000000000000e+00,0.000000000000000000e+00,7.932357454370188299e-02,-5.819744818112758487e-04,4.786345238350740439e-01,0.000000000000000000e+00
0.000000000000000000e+00,-3.567221991693318717e-02,9.993635438248675840e-01,0.000000000000000000e+00,9.993635438248675840e-01,3.567221991693318717e-02,-1.000000000000000000e+00,0.000000000000000000e+00,0.000000000000000000e+00,8.279276272247305946e-02,-5.455351786239859236e-04,4.777001313881220623e-01,0.000000000000000000e+00
0.000000000000000000e+00,-3.719278325505496335e-02,9.993081090803489497e-01,0.000000000000000000e+00,9.993081090803489497e-01,3.719278325505496335e-02,-1.000000000000000000e+00,0.000000000000000000e+00,0.000000000000000000e+00,8.632348984804291692e-02,-5.031234145401305893e-04,4.767491478670508043e-01,0.000000000000000000e+00
0.000000000000000000e+00,-3.873943495521504909e-02,9.992493463492235772e-01,0.000000000000000000e+00,9.992493463492235772e-01,3.873943495521504909e-02,-1.000000000000000000e+00,0.000000000000000000e+00,0.000000000000000000e+00,8.991492852378826783e-02,-4.544697948684219392e-04,4.757817930211862278e-01,0.000000000000000000e+00
0.000000000000000000e+00,-4.031181537985491919e-02,9.991871484065337761e-01,0.000000000000000000e+00,9.991871484065337761e-01,4.031181537985491919e-02,-1.000000000000000000e+00,0.000000000000000000e+00,0.000000000000000000e+00,9.356625049744879408e-02,-3.993051804381640029e-04,4.747982865998545687e-01,0.000000000000000000e+00
0.000000000000000000e+00,-4.190956452173618535e-02,9.991214082390580398e-01,0.000000000000000000e+00,9.991214082390580398e-01,4.190956452173618535e-02,-1.000000000000000000e+00,0.000000000000000000e+00,0.000000000000000000e+00,9.727662664713446206e-02,-3.373609023344795242e-04,4.737988483523818406e-01,0.000000000000000000e+00
0.000000000000000000e+00,-4.353232200072061631e-02,9.990520191367542324e-01,0.000000000000000000e+00,9.990520191367542324e-01,4.353232200072061631e-02,-1.000000000000000000e+00,0.000000000000000000e+00,0.000000000000000000e+00,1.010452269686719085e-01,-2.683689738566404602e-04,4.727836980280940571e-01,0.000000000000000000e+00
0.000000000000000000e+00,-4.517972706110841979e-02,9.989788747829874138e-01,0.000000000000000000e+00,9.989788747829874138e-01,4.517972706110841979e-02,-1.000000000000000000e+00,0.000000000000000000e+00,0.000000000000000000e+00,1.048712205643152068e-01,-1.920622996884937259e-04,4.717530553763174539e-01,0.000000000000000000e+00
0.000000000000000000e+00,-4.685141856954488232e-02,9.989018693435413043e-01,0.000000000000000000e+00,9.989018693435413043e-01,4.685141856954488232e-02,-1.000000000000000000e+00,0.000000000000000000e+00,0.000000000000000000e+00,1.087537756328434135e-01,-1.081748822792539530e-04,4.707071401463779337e-01,0.000000000000000000e+00
0.000000000000000000e+00,-4.854703501350413064e-02,9.988208975544101698e-01,0.000000000000000000e+00,9.988208975544101698e-01,4.854703501350413064e-02,-1.000000000000000000e+00,0.000000000000000000e+00,0.000000000000000000e+00,1.126920594610670290e-01,-1.644202542767671441e-05,4.696461720876017321e-01,0.000000000000000000e+00
0.000000000000000000e+00,-5.026621450035875793e-02,9.987358548083692389e-01,0.000000000000000000e+00,9.987358548083692389e-01,5.026621450035875793e-02,-1.000000000000000000e+00,0.000000000000000000e+00,0.000000000000000000e+00,1.166852384167621354e-01,8.339946493426143848e-05,4.685703709493148628e-01,0.000000000000000000e+00
0.000000000000000000e+00,-5.200859475704183027e-02,9.986466372403192127e-01,0.000000000000000000e+00,9.986466372403192127e-01,5.200859475704183027e-02,-1.000000000000000000e+00,0.000000000000000000e+00,0.000000000000000000e+00,1.207324779430486716e-01,1.916110827681156634e-04,4.674799564808434504e-01,0.000000000000000000e+00
0.000000000000000000e+00,-5.377381313030863558e-02,9.985531418114044211e-01,0.000000000000000000e+00,9.985531418114044211e-01,5.377381313030863558e-02,-1.000000000000000000e+00,0.000000000000000000e+00,0.000000000000000000e+00,1.248329425542293869e-01,3.084524267667638217e-04,4.663751484315135643e-01,0.000000000000000000e+00
0.000000000000000000e+00,-5.556150658760297678e-02,9.984552663918978554e-01,0.000000000000000000e+00,9.984552663918978554e-01,5.556150658760297678e-02,-1.000000000000000000e+00,0.000000000000000000e+00,0.000000000000000000e+00,1.289857958331014076e-01,4.341810080186866896e-04,4.652561665506512179e-01,0.000000000000000000e+00
0.000000000000000000e+00,-5.737131171853338679e-02,9.983529098428545190e-01,0.000000000000000000e+00,9.983529098428545190e-01,5.737131171853338679e-02,-1.000000000000000000e+00,0.000000000000000000e+00,0.000000000000000000e+00,1.331902004297523257e-01,5.690520604950707710e-04,4.641232305875825914e-01,0.000000000000000000e+00
0.000000000000000000e+00,-5.920286473696324825e-02,9.982459720965253247e-01,0.000000000000000000e+00,9.982459720965253247e-01,5.920286473696324825e-02,-1.000000000000000000e+00,0.000000000000000000e+00,0.000000000000000000e+00,1.374453180618510073e-01,7.133183543775457576e-04,4.629765602916336986e-01,0.000000000000000000e+00
0.000000000000000000e+00,-6.105580148371754501e-02,9.981343542355312071e-01,0.000000000000000000e+00,9.981343542355312071e-01,6.105580148371754501e-02,-1.000000000000000000e+00,0.000000000000000000e+00,0.000000000000000000e+00,1.417503095164389104e-01,8.672300122271723753e-04,4.618163754121307196e-01,0.000000000000000000e+00
0.000000000000000000e+00,-6.292975742990920829e-02,9.980179585707928958e-01,0.000000000000000000e+00,9.980179585707928958e-01,6.292975742990920829e-02,-1.000000000000000000e+00,0.000000000000000000e+00,0.000000000000000000e+00,1.461043346532297782e-01,1.031034328005074390e-03,4.606428956983996126e-01,0.000000000000000000e+00
0.000000000000000000e+00,-6.482436768088642443e-02,9.978966887182125767e-01,0.000000000000000000e+00,9.978966887182125767e-01,6.482436768088642443e-02,-1.000000000000000000e+00,0.000000000000000000e+00,0.000000000000000000e+00,1.505065524094201246e-01,1.204975588953389803e-03,4.594563408997665577e-01,0.000000000000000000e+00
0.000000000000000000e+00,-6.673926698080179243e-02,9.977704496741047757e-01,0.000000000000000000e+00,9.977704496741047757e-01,6.673926698080179243e-02,-1.000000000000000000e+00,0.000000000000000000e+00,0.000000000000000000e+00,1.549561208060138973e-01,1.389294900342682689e-03,4.582569307655575686e-01,0.000000000000000000e+00
0.000000000000000000e+00,-6.867408971780344928e-02,9.976391478893713582e-01,0.000000000000000000e+00,9.976391478893713582e-01,6.867408971780344928e-02,-1.000000000000000000e+00,0.000000000000000000e+00,0.000000000000000000e+00,1.594521969556606245e-01,1.584230013097638048e-03,4.570448850450987699e-01,0.000000000000000000e+00
0.000000000000000000e+00,-7.062846992984771199e-02,9.975026913424186459e-01,0.000000000000000000e+00,9.975026913424186459e-01,7.062846992984771199e-02,-1.000000000000000000e+00,0.000000000000000000e+00,0.000000000000000000e+00,1.639939370720070178e-01,1.790015154305721248e-03,4.558204234877162309e-01,0.000000000000000000e+00
0.000000000000000000e+00,-7.260204131113132120e-02,9.973609896108113215e-01,0.000000000000000000e+00,9.973609896108113215e-01,7.260204131113132120e-02,-1.000000000000000000e+00,0.000000000000000000e+00,0.000000000000000000e+00,1.685804964805577288e-01,2.006880860621268643e-03,4.545837658427360761e-01,0.000000000000000000e+00
0.000000000000000000e+00,-7.459443721914219005e-02,9.972139539416601250e-01,0.000000000000000000e+00,9.972139539416601250e-01,7.459443721914219005e-02,-1.000000000000000000e+00,0.000000000000000000e+00,0.000000000000000000e+00,1.732110296310425401e-01,2.235053814572012139e-03,4.533351318594843748e-01,0.000000000000000000e+00
0.000000000000000000e+00,-7.660529068232482808e-02,9.970614973207402310e-01,0.000000000000000000e+00,9.970614973207402310e-01,7.660529068232482808e-02,-1.000000000000000000e+00,0.000000000000000000e+00,0.000000000000000000e+00,1.778846901112817458e-01,2.474756683775488318e-03,4.520747412872871407e-01,0.000000000000000000e+00
0.000000000000000000e+00,-7.863423440835762279e-02,9.969035345403343129e-01,0.000000000000000000e+00,9.969035345403343129e-01,7.863423440835762279e-02,-1.000000000000000000e+00,0.000000000000000000e+00,0.000000000000000000e+00,1.826006306625427289e-01,2.726207963079377988e-03,4.508028138754705538e-01,0.000000000000000000e+00
0.000000000000000000e+00,-8.068090079303742723e-02,9.967399822657984076e-01,0.000000000000000000e+00,9.967399822657984076e-01,8.068090079303742723e-02,-1.000000000000000000e+00,0.000000000000000000e+00,0.000000000000000000e+00,1.873580031963787973e-01,2.989621819630431266e-03,4.495195693733606279e-01,0.000000000000000000e+00
0.000000000000000000e+00,-8.274492192976704019e-02,9.965707591008461375e-01,0.000000000000000000e+00,9.965707591008461375e-01,8.274492192976704019e-02,-1.000000000000000000e+00,0.000000000000000000e+00,0.000000000000000000e+00,1.921559588129382878e-01,3.265207940882522072e-03,4.482252275302834876e-01,0.000000000000000000e+00
0.000000000000000000e+00,-8.482592961963979217e-02,9.963957856515471834e-01,0.000000000000000000e+00,9.963957856515471834e-01,8.482592961963979217e-02,-1.000000000000000000e+00,0.000000000000000000e+00,0.000000000000000000e+00,1.969936478207325870e-01,3.553171385553689603e-03,4.469200080955652021e-01,0.000000000000000000e+00
0.000000000000000000e+00,-8.692355538211486710e-02,9.962149845890355682e-01,0.000000000000000000e+00,9.962149845890355682e-01,8.692355538211486710e-02,-1.000000000000000000e+00,0.000000000000000000e+00,0.000000000000000000e+00,2.018702197578471913e-01,3.853712437542826646e-03,4.456041308185317851e-01,0.000000000000000000e+00
0.000000000000000000e+00,-8.903743046627697610e-02,9.960282807109258618e-01,0.000000000000000000e+00,9.960282807109258618e-01,8.903743046627697610e-02,-1.000000000000000000e+00,0.000000000000000000e+00,0.000000000000000000e+00,2.067848234145821251e-01,4.167026462810780908e-03,4.442778154485094722e-01,0.000000000000000000e+00
0.000000000000000000e+00,-9.116718586267309743e-02,9.958356010014307591e-01,0.000000000000000000e+00,9.958356010014307591e-01,9.116718586267309743e-02,-1.000000000000000000e+00,0.000000000000000000e+00,0.000000000000000000e+00,2.117366068575043392e-01,4.493303769241420269e-03,4.429412817348242215e-01,0.000000000000000000e+00
0.000000000000000000e+00,-9.331245231571763665e-02,9.956368746901788080e-01,0.000000000000000000e+00,9.956368746901788080e-01,9.331245231571763665e-02,-1.000000000000000000e+00,0.000000000000000000e+00,0.000000000000000000e+00,2.167247174548928013e-01,4.832729469486070698e-03,4.415947494268022133e-01,0.000000000000000000e+00
0.000000000000000000e+00,-9.547286033665790261e-02,9.954320333097267381e-01,0.000000000000000000e+00,9.954320333097267381e-01,9.547286033665790261e-02,-1.000000000000000000e+00,0.000000000000000000e+00,0.000000000000000000e+00,2.217483019035568215e-01,5.185483346804564513e-03,4.402384382737694057e-01,0.000000000000000000e+00
0.000000000000000000e+00,-9.764804021709055926e-02,9.952210107517633908e-01,0.000000000000000000e+00,9.952210107517633908e-01,9.764804021709055926e-02,-1.000000000000000000e+00,0.000000000000000000e+00,0.000000000000000000e+00,2.268065062570080448e-01,5.551739723910494029e-03,4.388725680250520345e-01,0.000000000000000000e+00
0.000000000000000000e+00,-9.983762204301921406e-02,9.950037433220013661e-01,0.000000000000000000e+00,9.950037433220013661e-01,9.983762204301921406e-02,-1.000000000000000000e+00,0.000000000000000000e+00,0.000000000000000000e+00,2.318984759549607422e-01,5.931667334830120070e-03,4.374973584299760576e-01,0.000000000000000000e+00
0.000000000000000000e+00,-1.020412357094428041e-01,9.947801697937539434e-01,0.000000000000000000e+00,9.947801697937539434e-01,1.020412357094428041e-01,-1.000000000000000000e+00,0.000000000000000000e+00,0.000000000000000000e+00,2.370233558541389729e-01,6.325429199781305682e-03,4.361130292378675999e-01,0.000000000000000000e+00
0.000000000000000000e+00,-1.042585109354642603e-01,9.945502314601910587e-01,0.000000000000000000e+00,9.945502314601910587e-01,1.042585109354642603e-01,-1.000000000000000000e+00,0.000000000000000000e+00,0.000000000000000000e+00,2.421802902603652496e-01,6.733182503087402349e-03,4.347198001980527304e-01,0.000000000000000000e+00
0.000000000000000000e+00,-1.064890772799070712e-01,9.943138721852743389e-01,0.000000000000000000e+00,9.943138721852743389e-01,1.064890772799070712e-01,-1.000000000000000000e+00,0.000000000000000000e+00,0.000000000000000000e+00,2.473684229619028119e-01,7.155078474126856311e-03,4.333178910598575739e-01,0.000000000000000000e+00
0.000000000000000000e+00,-1.087325641574289348e-01,9.940710384533645305e-01,0.000000000000000000e+00,9.940710384533645305e-01,1.087325641574289348e-01,-1.000000000000000000e+00,0.000000000000000000e+00,0.000000000000000000e+00,2.525868972640256116e-01,7.591262271334556049e-03,4.319075215726081995e-01,0.000000000000000000e+00
0.000000000000000000e+00,-1.109886008551195097e-01,9.938216794175014357e-01,0.000000000000000000e+00,9.938216794175014357e-01,1.109886008551195097e-01,-1.000000000000000000e+00,0.000000000000000000e+00,0.000000000000000000e+00,2.578348560247872845e-01,8.041872869255424841e-03,4.304889114856307319e-01,0.000000000000000000e+00
0.000000000000000000e+00,-1.132568165495689838e-01,9.935657469463494706e-01,0.000000000000000000e+00,9.935657469463494706e-01,1.132568165495689838e-01,-1.000000000000000000e+00,0.000000000000000000e+00,0.000000000000000000e+00,2.631114416919575483e-01,8.507042948666965546e-03,4.290622805482511293e-01,0.000000000000000000e+00
0.000000000000000000e+00,-1.155368403243946102e-01,9.933031956698092912e-01,0.000000000000000000e+00,9.933031956698092912e-01,1.155368403243946102e-01,-1.000000000000000000e+00,0.000000000000000000e+00,0.000000000000000000e+00,2.684157963410975234e-01,8.986898789770486964e-03,4.276278485097955717e-01,0.000000000000000000e+00
0.000000000000000000e+00,-1.178283011882108877e-01,9.930339830232902676e-01,0.000000000000000000e+00,9.930339830232902676e-01,1.178283011882108877e-01,-1.000000000000000000e+00,0.000000000000000000e+00,0.000000000000000000e+00,2.737470617147383933e-01,9.481560168463853966e-03,4.261858351195901284e-01,0.000000000000000000e+00
0.000000000000000000e+00,-1.201308280930294681e-01,9.927580692906419202e-01,0.000000000000000000e+00,9.927580692906419202e-01,1.201308280930294681e-01,-1.000000000000000000e+00,0.000000000000000000e+00,0.000000000000000000e+00,2.791043792626354270e-01,9.991140255701058334e-03,4.247364601269609241e-01,0.000000000000000000e+00
0.000000000000000000e+00,-1.224440499530732723e-01,9.924754176457416532e-01,0.000000000000000000e+00,9.924754176457416532e-01,1.224440499530732723e-01,-1.000000000000000000e+00,0.000000000000000000e+00,0.000000000000000000e+00,2.844868901830568952e-01,1.051574551994550501e-02,4.232799432812339724e-01,0.000000000000000000e+00
0.000000000000000000e+00,-1.247675956639901634e-01,9.921859941927355653e-01,0.000000000000000000e+00,9.921859941927355653e-01,1.247675956639901634e-01,-1.000000000000000000e+00,0.000000000000000000e+00,0.000000000000000000e+00,2.898937354650776843e-01,1.105547563272546788e-02,4.218165043317353424e-01,0.000000000000000000e+00
0.000000000000000000e+00,-1.271010941224502144e-01,9.918897680049311161e-01,0.000000000000000000e+00,9.918897680049311161e-01,1.271010941224502144e-01,-1.000000000000000000e+00,0.000000000000000000e+00,0.000000000000000000e+00,2.953240559318387470e-01,1.161042337729537195e-02,4.203463630277911589e-01,0.000000000000000000e+00
0.000000000000000000e+00,-1.294441742461107936e-01,9.915867111623383190e-01,0.000000000000000000e+00,9.915867111623383190e-01,1.294441742461107936e-01,-1.000000000000000000e+00,0.000000000000000000e+00,0.000000000000000000e+00,3.007769922847363109e-01,1.218067456041150784e-02,4.188697391187275465e-01,0.000000000000000000e+00
0.000000000000000000e+00,-1.317964649939324662e-01,9.912767987878577935e-01,0.000000000000000000e+00,9.912767987878577935e-01,1.317964649939324662e-01,-1.000000000000000000e+00,0.000000000000000000e+00,0.000000000000000000e+00,3.062516851485019287e-01,1.276630792722707741e-02,4.173868523538705189e-01,0.000000000000000000e+00
0.000000000000000000e+00,-1.341575953868295035e-01,9.909600090821141238e-01,0.000000000000000000e+00,9.909600090821141238e-01,1.341575953868295035e-01,-1.000000000000000000e+00,0.000000000000000000e+00,0.000000000000000000e+00,3.117472751171354584e-01,1.336739507931101849e-02,4.158979224825462007e-01,0.000000000000000000e+00
0.000000000000000000e+00,-1.365271945286371247e-01,9.906363233569318583e-01,0.000000000000000000e+00,9.906363233569318583e-01,1.365271945286371247e-01,-1.000000000000000000e+00,0.000000000000000000e+00,0.000000000000000000e+00,3.172629028006500596e-01,1.398400039579787875e-02,4.144031692540807166e-01,0.000000000000000000e+00
0.000000000000000000e+00,-1.389048916273786793e-01,9.903057260674534845e-01,0.000000000000000000e+00,9.903057260674534845e-01,1.389048916273786793e-01,-1.000000000000000000e+00,0.000000000000000000e+00,0.000000000000000000e+00,3.227977088725892951e-01,1.461618095767115537e-02,4.129028124178000247e-01,0.000000000000000000e+00
0.000000000000000000e+00,-1.412903160168141325e-01,9.899682048428973813e-01,0.000000000000000000e+00,9.899682048428973813e-01,1.412903160168141325e-01,-1.000000000000000000e+00,0.000000000000000000e+00,0.000000000000000000e+00,3.283508341182747592e-01,1.526398647518585963e-02,4.113970717230303054e-01,0.000000000000000000e+00
0.000000000000000000e+00,-1.436830971782518118e-01,9.896237505159549697e-01,0.000000000000000000e+00,9.896237505159549697e-01,1.436830971782518118e-01,-1.000000000000000000e+00,0.000000000000000000e+00,0.000000000000000000e+00,3.339214194837410443e-01,1.592745921843308557e-02,4.098861669190976276e-01,0.000000000000000000e+00
0.000000000000000000e+00,-1.460828647626057630e-01,9.892723571508253988e-01,0.000000000000000000e+00,9.892723571508253988e-01,1.460828647626057630e-01,-1.000000000000000000e+00,0.000000000000000000e+00,0.000000000000000000e+00,3.395086061253178578e-01,1.660663395105149709e-02,4.083703177553280605e-01,0.000000000000000000e+00
0.000000000000000000e+00,-1.484892486126781486e-01,9.889140220698876549e-01,0.000000000000000000e+00,9.889140220698876549e-01,1.484892486126781486e-01,-1.000000000000000000e+00,0.000000000000000000e+00,0.000000000000000000e+00,3.451115354598118246e-01,1.730153786708711269e-02,4.068497439810476735e-01,0.000000000000000000e+00
0.000000000000000000e+00,-1.509018787856491739e-01,9.885487458790088722e-01,0.000000000000000000e+00,9.885487458790088722e-01,1.509018787856491739e-01,-1.000000000000000000e+00,0.000000000000000000e+00,0.000000000000000000e+00,3.507293492152463443e-01,1.801219053100519205e-02,4.053246653455825910e-01,0.000000000000000000e+00
0.000000000000000000e+00,-1.533203855757545309e-01,9.881765324914885129e-01,0.000000000000000000e+00,9.881765324914885129e-01,1.533203855757545309e-01,-1.000000000000000000e+00,0.000000000000000000e+00,0.000000000000000000e+00,3.563611894821143156e-01,1.873860382085625748e-02,4.037953015982588267e-01,0.000000000000000000e+00
0.000000000000000000e+00,-1.557443995371304846e-01,9.877973891506388604e-01,0.000000000000000000e+00,9.877973891506388604e-01,1.557443995371304846e-01,-1.000000000000000000e+00,0.000000000000000000e+00,0.000000000000000000e+00,3.620061987650969870e-01,1.948078187459614460e-02,4.022618724884025054e-01,0.000000000000000000e+00
0.000000000000000000e+00,-1.581735515068070919e-01,9.874113264510000487e-01,0.000000000000000000e+00,9.874113264510000487e-01,1.581735515068070919e-01,-1.000000000000000000e+00,0.000000000000000000e+00,0.000000000000000000e+00,3.676635200352036947e-01,2.023872103956550830e-02,4.007245977653398072e-01,0.000000000000000000e+00
0.000000000000000000e+00,-1.606074726278295117e-01,9.870183583581922937e-01,0.000000000000000000e+00,9.870183583581922937e-01,1.606074726278295117e-01,-1.000000000000000000e+00,0.000000000000000000e+00,0.000000000000000000e+00,3.733322967822862992e-01,2.101240982512361452e-02,3.991836971783966348e-01,0.000000000000000000e+00
0.000000000000000000e+00,-1.630457943724867298e-01,9.866185022274033267e-01,0.000000000000000000e+00,9.866185022274033267e-01,1.630457943724867298e-01,-1.000000000000000000e+00,0.000000000000000000e+00,0.000000000000000000e+00,3.790116730678797508e-01,2.180182885844227092e-02,3.976393904768992238e-01,0.000000000000000000e+00
0.000000000000000000e+00,-1.654881485656272966e-01,9.862117788205132518e-01,0.000000000000000000e+00,9.862117788205132518e-01,1.654881485656272966e-01,-1.000000000000000000e+00,0.000000000000000000e+00,0.000000000000000000e+00,3.847007935783225974e-01,2.260695084345590994e-02,3.960918974101735879e-01,0.000000000000000000e+00
0.000000000000000000e+00,-1.679341674080416513e-01,9.857982123218563819e-01,0.000000000000000000e+00,9.857982123218563819e-01,1.679341674080416513e-01,-1.000000000000000000e+00,0.000000000000000000e+00,0.000000000000000000e+00,3.903988036781076421e-01,2.342774052296991982e-02,3.945414377275458517e-01,0.000000000000000000e+00
0.000000000000000000e+00,-1.703834834998897707e-01,9.853778303526230520e-01,0.000000000000000000e+00,9.853778303526230520e-01,1.703834834998897707e-01,-1.000000000000000000e+00,0.000000000000000000e+00,0.000000000000000000e+00,3.961048494634168415e-01,2.426415464392168986e-02,3.929882311783420290e-01,0.000000000000000000e+00
0.000000000000000000e+00,-1.728357298641537143e-01,9.849506639838998545e-01,0.000000000000000000e+00,9.849506639838998545e-01,1.728357298641537143e-01,-1.000000000000000000e+00,0.000000000000000000e+00,0.000000000000000000e+00,4.018180778157896538e-01,2.511614192579884539e-02,3.914324975118882444e-01,0.000000000000000000e+00
0.000000000000000000e+00,-1.752905399700926681e-01,9.845167477483526275e-01,0.000000000000000000e+00,9.845167477483526275e-01,1.752905399700926681e-01,-1.000000000000000000e+00,0.000000000000000000e+00,0.000000000000000000e+00,4.075376364558746523e-01,2.598364303220617247e-02,3.898744564775105670e-01,0.000000000000000000e+00
0.000000000000000000e+00,-1.777475477566807238e-01,9.840761196505515285e-01,0.000000000000000000e+00,9.840761196505515285e-01,1.777475477566807238e-01,-1.000000000000000000e+00,0.000000000000000000e+00,0.000000000000000000e+00,4.132626739972180552e-01,2.686659054558366427e-02,3.883143278245351215e-01,0.000000000000000000e+00
0.000000000000000000e+00,-1.802063876560051348e-01,9.836288211759421918e-01,0.000000000000000000e+00,9.836288211759421918e-01,1.802063876560051348e-01,-1.000000000000000000e+00,0.000000000000000000e+00,0.000000000000000000e+00,4.189923400000373777e-01,2.776490894506788640e-02,3.867523313022879217e-01,0.000000000000000000e+00
0.000000000000000000e+00,-1.826666946166031480e-01,9.831748972984637458e-01,0.000000000000000000e+00,9.831748972984637458e-01,1.826666946166031480e-01,-1.000000000000000000e+00,0.000000000000000000e+00,0.000000000000000000e+00,4.247257850249290811e-01,2.867851458749591520e-02,3.851886866600952031e-01,0.000000000000000000e+00
0.000000000000000000e+00,-1.851281041267170691e-01,9.827143964868162440e-01,0.000000000000000000e+00,9.827143964868162440e-01,1.851281041267170691e-01,-1.000000000000000000e+00,0.000000000000000000e+00,0.000000000000000000e+00,4.304621606864630357e-01,2.960731569154722437e-02,3.836236136472828129e-01,0.000000000000000000e+00
0.000000000000000000e+00,-1.875902522374443271e-01,9.822473707093809514e-01,0.000000000000000000e+00,9.822473707093809514e-01,1.875902522374443271e-01,-1.000000000000000000e+00,0.000000000000000000e+00,0.000000000000000000e+00,4.362006197066102264e-01,3.055121232501673348e-02,3.820573320131770423e-01,0.000000000000000000e+00
0.000000000000000000e+00,-1.900527755857624179e-01,9.817738754377953736e-01,0.000000000000000000e+00,9.817738754377953736e-01,1.900527755857624179e-01,-1.000000000000000000e+00,0.000000000000000000e+00,0.000000000000000000e+00,4.419403159679559656e-01,3.151009639521591688e-02,3.804900615071038494e-01,0.000000000000000000e+00
0.000000000000000000e+00,-1.925153114174049662e-01,9.812939696491870256e-01,0.000000000000000000e+00,9.812939696491870256e-01,1.925153114174049662e-01,-1.000000000000000000e+00,0.000000000000000000e+00,0.000000000000000000e+00,4.476804045666439857e-01,3.248385164249387863e-02,3.789220218783894145e-01,0.000000000000000000e+00
0.000000000000000000e+00,-1.949774976095696444e-01,9.808077158270678275e-01,0.000000000000000000e+00,9.808077158270678275e-01,1.949774976095696444e-01,-1.000000000000000000e+00,0.000000000000000000e+00,0.000000000000000000e+00,4.534200418650060072e-01,3.347235363687525028e-02,3.773534328763596957e-01,0.000000000000000000e+00
0.000000000000000000e+00,-1.974389726934334122e-01,9.803151799608949002e-01,0.000000000000000000e+00,9.803151799608949002e-01,1.974389726934334122e-01,-1.000000000000000000e+00,0.000000000000000000e+00,0.000000000000000000e+00,4.591583855438203243e-01,3.447546977780286542e-02,3.757845142503409841e-01,0.000000000000000000e+00
0.000000000000000000e+00,-1.998993758764557316e-01,9.798164315442987604e-01,0.000000000000000000e+00,9.798164315442987604e-01,1.998993758764557316e-01,-1.000000000000000000e+00,0.000000000000000000e+00,0.000000000000000000e+00,4.648945946541545027e-01,3.549305929698393786e-02,3.742154857496590714e-01,0.000000000000000000e+00
0.000000000000000000e+00,-2.023583470644453597e-01,9.793115435719857986e-01,0.000000000000000000e+00,9.793115435719857986e-01,2.023583470644453597e-01,-1.000000000000000000e+00,0.000000000000000000e+00,0.000000000000000000e+00,4.706278296687329554e-01,3.652497326432520286e-02,3.726465671236402488e-01,0.000000000000000000e+00
